DATE,Sequence Number,VW,SP500,IBM,PACGE,WALMART,TBill30,exVW,exSP500,exIBM,exPACGE,exWALMART
780228,1,-0.0113,-0.0248,-0.0428,0.0213,0.0197,0.004941,-0.016241,-0.029741,-0.047741,0.016359,0.014759
780331,2,0.0326,0.0249,-0.0627,0.0329,-0.0294,0.005017,0.027583,0.019883,-0.067717,0.027883,-0.034417
780428,3,0.0826,0.0854,0.1295,-0.0155,0.24,0.005712,0.076888,0.079688,0.123788,-0.021212,0.234288
780531,4,0.0208,0.0042,-0.0183,0.0157,0.0323,0.005317,0.015483,-0.001117,-0.023617,0.010383,0.026983
780630,5,-0.0124,-0.0176,-0.0039,0.0068,-0.0238,0.005369,-0.017769,-0.022969,-0.009269,0.001431,-0.029169
780731,6,0.0574,0.0539,0.0923,0.0157,0.0481,0.005591,0.051809,0.048309,0.086709,0.010109,0.042509
780831,7,0.0393,0.0259,0.049,0,0.1122,0.00555,0.03375,0.02035,0.04345,-0.00555,0.10665
780929,8,-0.0063,-0.0073,-0.051,-0.0035,0.0204,0.005964,-0.012264,-0.013264,-0.056964,-0.009464,0.014436
781031,9,-0.106,-0.0916,-0.046,-0.0635,-0.1802,0.007498,-0.113498,-0.099098,-0.053498,-0.070998,-0.187698
781130,10,0.0336,0.0166,0.0308,0.0339,0.011,0.007041,0.026559,0.009559,0.023759,0.026859,0.003959
781229,11,0.0165,0.0149,0.1076,-0.0037,-0.0085,0.007372,0.009128,0.007528,0.100228,-0.011072,-0.015872
790131,12,0.0477,0.0397,0.0343,0.1067,-0.0055,0.007882,0.039818,0.031818,0.026418,0.098818,-0.013382
790228,13,-0.0273,-0.0365,-0.0172,-0.0152,0.0221,0.007324,-0.034624,-0.043824,-0.024524,-0.022524,0.014776
790330,14,0.0644,0.0552,0.0517,0.0033,0.0519,0.008928,0.055472,0.046272,0.042772,-0.005628,0.042972
790430,15,0.0077,0.0017,-0.004,-0.0632,0.0464,0.008489,-0.000789,-0.006789,-0.012489,-0.071689,0.037911
790531,16,-0.0136,-0.0263,-0.0217,0.0562,0.0049,0.008161,-0.021761,-0.034461,-0.029861,0.048039,-0.003261
790629,17,0.0461,0.0387,-0.0345,0.0034,-0.0069,0.007858,0.038242,0.030842,-0.042358,-0.004458,-0.014758
790731,18,0.014,0.0087,-0.0494,0,0.0297,0.00841,0.00559,0.00029,-0.05781,-0.00841,0.02129
790831,19,0.0645,0.0531,0.0159,0.0489,0.3202,0.007506,0.056994,0.045594,0.008394,0.041394,0.312694
790928,20,0.0015,0,-0.0321,-0.0421,-0.0693,0.007732,-0.006232,-0.007732,-0.039832,-0.049832,-0.077032
791031,21,-0.0706,-0.0686,-0.0793,0,-0.0745,0.009621,-0.080221,-0.078221,-0.088921,-0.009621,-0.084121
791130,22,0.0632,0.0426,0.0599,0.0333,0.1864,0.009878,0.053322,0.032722,0.050022,0.023422,0.176522
791231,23,0.0259,0.0168,-0.0134,0.0155,-0.005,0.010209,0.015691,0.006591,-0.023609,0.005291,-0.015209
800131,24,0.0651,0.0576,0.066,-0.0707,0.0252,0.007968,0.057132,0.049632,0.058032,-0.078668,0.017232
800229,25,0.0029,-0.0044,-0.0622,0.0234,-0.1018,0.010654,-0.007754,-0.015054,-0.072854,0.012746,-0.112454
800331,26,-0.1159,-0.1018,-0.1221,-0.0274,-0.1063,0.012009,-0.127909,-0.113809,-0.134109,-0.039409,-0.118309
800430,27,0.0506,0.0411,-0.0157,0.1333,0.1404,0.012865,0.037735,0.028235,-0.028565,0.120435,0.127535
800530,28,0.0587,0.0466,0.0248,0.016,0.0539,0.007883,0.050817,0.038717,0.016917,0.008117,0.046017
800630,29,0.0364,0.027,0.061,0.0432,0.1234,0.006312,0.030088,0.020688,0.054688,0.036888,0.117088
800731,30,0.0683,0.065,0.1106,-0.0259,0.1433,0.005281,0.063019,0.059719,0.105319,-0.031181,0.138019
800829,31,0.0203,0.0058,0.017,-0.0213,0.102,0.005973,0.014327,-0.000173,0.011027,-0.027273,0.096027
800930,32,0.0282,0.0252,-0.021,-0.037,0.0363,0.008698,0.019502,0.016502,-0.029698,-0.045698,0.027602
801031,33,0.0188,0.016,0.039,-0.0116,0.01,0.008912,0.009888,0.007088,0.030088,-0.020512,0.001088
801128,34,0.1068,0.1024,0.0354,-0.0282,0.1139,0.008912,0.097888,0.093488,0.026488,-0.037112,0.104988
801231,35,-0.035,-0.0339,-0.0037,0.025,0.0773,0.014149,-0.049149,-0.048049,-0.017849,0.010851,0.063151
810130,36,-0.0418,-0.0457,-0.0516,0.0122,-0.0083,0.009957,-0.051757,-0.055657,-0.061557,0.002243,-0.018257
810227,37,0.0168,0.0133,0.0114,-0.006,0.0542,0.010685,0.006115,0.002615,0.000715,-0.016685,0.043515
810331,38,0.0443,0.036,-0.0292,0.0451,0.1562,0.013157,0.031143,0.022843,-0.042357,0.031943,0.143043
810430,39,-0.016,-0.0235,-0.0601,-0.018,0.0582,0.010756,-0.026756,-0.034256,-0.070856,-0.028756,0.047444
810529,40,0.0112,-0.0017,0.0168,0.0183,0.0032,0.010646,0.000554,-0.012346,0.006154,0.007654,-0.007446
810630,41,-0.0076,-0.0104,-0.0149,0.0805,-0.0177,0.015158,-0.022758,-0.025558,-0.030058,0.065342,-0.032858
810731,42,-0.0012,-0.0022,-0.0302,0.0343,-0.0263,0.011915,-0.013115,-0.014115,-0.042115,0.022385,-0.038215
810831,43,-0.0546,-0.0621,-0.0025,0.011,-0.0354,0.012804,-0.067404,-0.074904,-0.015304,-0.001804,-0.048204
810930,44,-0.0622,-0.0538,-0.0181,0.0133,0.0597,0.012794,-0.074994,-0.066594,-0.030894,0.000506,0.046906
811030,45,0.0575,0.0492,-0.0485,-0.05,0.053,0.011685,0.045815,0.037515,-0.060185,-0.061685,0.041315
811130,46,0.0472,0.0366,0.075,0.0117,0.1038,0.01103,0.03617,0.02557,0.06397,0.00067,0.09277
811231,47,-0.0284,-0.0301,0.0436,0.0025,-0.0299,0.008738,-0.037138,-0.038838,0.034862,-0.006238,-0.038638
820129,48,-0.0251,-0.0175,0.1187,0.0238,-0.0029,0.007306,-0.032406,-0.024806,0.111394,0.016494,-0.010206
820226,49,-0.0519,-0.0606,-0.014,0.0465,-0.0207,0.009176,-0.061076,-0.069776,-0.023176,0.037324,-0.029876
820331,50,-0.0092,-0.0102,-0.0343,-0.0031,0.1046,0.011077,-0.020277,-0.021277,-0.045377,-0.014177,0.093523
820430,51,0.0419,0.04,0.0753,0.069,0.1366,0.01129,0.03061,0.02871,0.06401,0.05771,0.12531
820528,52,-0.0277,-0.0392,-0.0294,0.0484,-0.0601,0.009592,-0.037292,-0.048792,-0.038992,0.038808,-0.069692
820630,53,-0.0225,-0.0203,-0.0142,0.0051,0.0837,0.01071,-0.03321,-0.03101,-0.02491,-0.00561,0.07299
820730,54,-0.0204,-0.023,0.0825,-0.0211,0.0307,0.01021,-0.03061,-0.03321,0.07229,-0.03131,0.02049
820831,55,0.1249,0.116,0.0874,0.1452,0.153,0.008342,0.116558,0.107658,0.079058,0.136858,0.144658
820930,56,0.0125,0.0076,0.0408,0.047,0.1315,0.005118,0.007382,0.002482,0.035682,0.041882,0.126382
821029,57,0.1164,0.1104,0.0886,-0.0046,0.1056,0.005475,0.110925,0.104925,0.083125,-0.010075,0.100125
821130,58,0.0472,0.0361,0.0937,0.0046,0.207,0.007201,0.039999,0.028899,0.086499,-0.002601,0.199799
821231,59,0.016,0.0152,0.1127,0.0645,0.0537,0.006289,0.009711,0.008911,0.106411,0.058211,0.047411
830131,60,0.0382,0.0331,0.0273,0.0711,-0.0576,0.006864,0.031336,0.026236,0.020436,0.064236,-0.064464
830228,61,0.0279,0.019,0.01,0.0208,0.0479,0.006186,0.021714,0.012814,0.003814,0.014614,0.041714
830331,62,0.0339,0.0331,0.0278,0.0203,0.1766,0.006326,0.027574,0.026774,0.021474,0.013974,0.170274
830429,63,0.0733,0.0749,0.1499,0.049,0.0648,0.006918,0.066382,0.067982,0.142982,0.042082,0.057882
830531,64,0.0072,-0.0124,-0.041,0.0117,0.1663,0.007584,-0.000384,-0.019984,-0.048584,0.004116,0.158716
830630,65,0.0388,0.0352,0.0809,-0.0677,0.0897,0.006661,0.032139,0.028539,0.074239,-0.074361,0.083039
830729,66,-0.0299,-0.033,0.001,0.0085,0.0479,0.006917,-0.036817,-0.039917,-0.005917,0.001583,0.040983
830831,67,0.01,0.0113,0.0006,0.042,-0.0388,0.008342,0.001658,0.002958,-0.007742,0.033658,-0.047142
830930,68,0.0166,0.0102,0.0617,0.0177,0.0381,0.007607,0.008993,0.002593,0.054093,0.010093,0.030493
831031,69,-0.0213,-0.0152,-0.001,0.0569,-0.0398,0.007433,-0.028733,-0.022633,-0.008433,0.049467,-0.047233
831130,70,0.0275,0.0174,-0.0665,0.0231,0.0732,0.007199,0.020301,0.010201,-0.073699,0.015901,0.066001
831230,71,-0.0084,-0.0088,0.0394,-0.0812,-0.0734,0.007039,-0.015439,-0.015839,0.032361,-0.088239,-0.080439
840131,72,-0.0098,-0.0092,-0.0646,0.0084,-0.0897,0.008083,-0.017883,-0.017283,-0.072683,0.000317,-0.097783
840229,73,-0.0366,-0.0389,-0.0256,-0.075,-0.0951,0.007328,-0.043928,-0.046228,-0.032928,-0.082328,-0.102428
840330,74,0.0161,0.0135,0.034,-0.0432,0.0367,0.00728,0.00882,0.00622,0.02672,-0.05048,0.02942
840430,75,0.0049,0.0055,-0.0022,0.0291,0.0677,0.00813,-0.00323,-0.00263,-0.01033,0.02097,0.05957
840531,76,-0.0516,-0.0594,-0.0444,0.0189,0.0458,0.007898,-0.059498,-0.067298,-0.052298,0.011002,0.037902
840629,77,0.0224,0.0175,-0.0186,0.0504,0.1125,0.007534,0.014866,0.009966,-0.026134,0.042866,0.104966
840731,78,-0.0176,-0.0165,0.0473,0,-0.0121,0.008755,-0.026355,-0.025255,0.038545,-0.008755,-0.020855
840831,79,0.1129,0.1063,0.1273,0.0182,0.0841,0.007963,0.104937,0.098337,0.119337,0.010237,0.076137
840928,80,0.002,-0.0035,0.004,0.0843,-0.0283,0.008293,-0.006293,-0.011793,-0.004293,0.076007,-0.036593
841031,81,0.0016,-0.0001,0.0119,0.0339,-0.0175,0.009766,-0.008166,-0.009866,0.002134,0.024134,-0.027266
841130,82,-0.0098,-0.0151,-0.0231,0.0984,-0.0534,0.007334,-0.017134,-0.022434,-0.030434,0.091066,-0.060734
841231,83,0.0241,0.0224,0.0113,0.0033,-0.0488,0.006923,0.017177,0.015477,0.004377,-0.003623,-0.055723
850131,84,0.0802,0.0741,0.1076,0.0229,0.2013,0.006474,0.073726,0.067626,0.101126,0.016426,0.194826
850228,85,0.0164,0.0087,-0.0094,0.0373,0,0.006033,0.010367,0.002667,-0.015433,0.031267,-0.006033
850329,86,0,-0.0029,-0.0522,0.0391,-0.0177,0.00616,-0.00616,-0.00906,-0.05836,0.03294,-0.02386
850430,87,-0.0031,-0.0046,-0.0039,0.0426,0.0504,0.007565,-0.010665,-0.012165,-0.011465,0.035035,0.042835
850531,88,0.0587,0.0541,0.0255,0.068,0.1173,0.006062,0.052638,0.048038,0.019438,0.061938,0.111238
850628,89,0.0165,0.0121,-0.0379,0.0234,0.0443,0.005546,0.010954,0.006554,-0.043446,0.017854,0.038754
850731,90,-0.0029,-0.0049,0.0616,-0.0701,-0.0938,0.006196,-0.009096,-0.011096,0.055404,-0.076296,-0.099996
850830,91,-0.0042,-0.012,-0.0278,0.0274,0.0469,0.005792,-0.009992,-0.017792,-0.033592,0.021608,0.041108
850930,92,-0.0375,-0.0347,-0.0217,-0.0355,-0.0773,0.006049,-0.043549,-0.040749,-0.027749,-0.041549,-0.083349
851031,93,0.0438,0.0425,0.0484,0.0497,0.11,0.006021,0.037779,0.036479,0.042379,0.043679,0.103979
851129,94,0.0685,0.0651,0.0845,0.0541,0.1179,0.006156,0.062344,0.058944,0.078344,0.047944,0.111744
851231,95,0.0441,0.0451,0.1127,0.0492,0.0771,0.006139,0.037961,0.038961,0.106561,0.043061,0.070961
860131,96,0.0067,0.0024,-0.0257,0.025,0.0078,0.004865,0.001835,-0.002465,-0.030565,0.020135,0.002935
860228,97,0.0728,0.0715,0.0031,0.1098,0.0584,0.005296,0.067504,0.066204,-0.002196,0.104504,0.053104
860331,98,0.0553,0.0528,0.0041,0.0147,0.1593,0.005963,0.049337,0.046837,-0.001863,0.008737,0.153337
860430,99,-0.013,-0.0142,0.0314,-0.0663,0.0286,0.005341,-0.018341,-0.019541,0.026059,-0.071641,0.023259
860530,100,0.0515,0.0502,-0.0178,0.0947,0.1821,0.004934,0.046566,0.045266,-0.022734,0.089766,0.177166
860630,101,0.0146,0.0141,-0.0386,0.01,0.0844,0.005246,0.009354,0.008854,-0.043846,0.004754,0.079154
860731,102,-0.0558,-0.0587,-0.0956,0.1038,-0.1036,0.005011,-0.060811,-0.063711,-0.100611,0.098789,-0.108611
860829,103,0.0722,0.0712,0.0555,0.0792,0.0117,0.004614,0.067586,0.066586,0.050886,0.074586,0.007086
860930,104,-0.0785,-0.0854,-0.0306,-0.1017,-0.1064,0.004783,-0.083283,-0.090183,-0.035383,-0.106483,-0.111183
861031,105,0.0526,0.0547,-0.0809,0.0313,0.0685,0.004209,0.048391,0.050491,-0.085109,0.027091,0.064291
861128,106,0.0179,0.0215,0.0372,0.0303,0.0613,0.003924,0.013976,0.017576,0.033276,0.026376,0.057376
861231,107,-0.026,-0.0283,-0.0561,-0.0302,-0.0227,0.004767,-0.030767,-0.033067,-0.060867,-0.034967,-0.027467
870130,108,0.1292,0.1318,0.0729,0.1083,0.043,0.004151,0.125049,0.127649,0.068749,0.104149,0.038849
870227,109,0.042,0.0369,0.092,-0.0279,0.1289,0.004309,0.037691,0.032591,0.087691,-0.032209,0.124591
870331,110,0.0252,0.0264,0.0762,-0.0582,0.0513,0.005012,0.020188,0.021388,0.071188,-0.063212,0.046288
870430,111,-0.0153,-0.0115,0.0666,-0.1192,-0.0152,0.004285,-0.019585,-0.015785,0.062315,-0.123485,-0.019485
870529,112,0.0063,0.006,0.0061,-0.0235,0.0331,0.00376,0.00254,0.00224,0.00234,-0.02726,0.02934
870630,113,0.0475,0.0479,0.0156,-0.007,0.157,0.005031,0.042469,0.042869,0.010569,-0.012031,0.151969
870731,114,0.0471,0.0482,-0.0092,-0.0435,0.1017,0.004058,0.043042,0.044142,-0.013258,-0.047558,0.097642
870831,115,0.0358,0.035,0.0526,0.0584,0.0881,0.004744,0.031056,0.030256,0.047856,0.053656,0.083356
870930,116,-0.0206,-0.0242,-0.1047,-0.0439,-0.0648,0.00482,-0.02542,-0.02902,-0.10952,-0.04872,-0.06962
871030,117,-0.2183,-0.2176,-0.1874,-0.0724,-0.2706,0.00604,-0.22434,-0.22364,-0.19344,-0.07844,-0.27664
871130,118,-0.075,-0.0854,-0.0869,-0.0071,-0.1312,0.003366,-0.078366,-0.088766,-0.090266,-0.010466,-0.134566
871231,119,0.0687,0.0729,0.0429,-0.044,0.0846,0.002988,0.065712,0.069912,0.039912,-0.046988,0.081612
